00.mp4,97.537512, 1.409952,23.880207
01.mp4,99.633581, 2.093141,45.926333
02.mp4,99.888978, 1.906532,56.087853
03.mp4,94.788464, 1.024756,15.981026
04.mp4,98.168880, 1.521756,27.011171
05.mp4,94.712882, 1.746583,20.823071
06.mp4,99.864902, 3.188188,62.011674
07.mp4,97.838710, 3.092204,35.038273
08.mp4,91.832001, 1.355310,15.784414
09.mp4,83.524227, 1.289166,11.757263
10.mp4,99.132252, 1.384808,31.914232
11.mp4,99.934926, 1.350206,55.946160
12.mp4,92.639935, 1.357343,16.390737
13.mp4,98.073991, 2.430973,32.683687
14.mp4,99.005342, 1.725158,33.734582
15.mp4,99.760161, 1.897783,48.532391
16.mp4,26.194056, 1.105290,4.122171
17.mp4,99.875011, 3.311248,63.280653
18.mp4,99.748960, 1.743285,46.770972
19.mp4,99.721119, 1.618110,44.604004
20.mp4,99.199520, 1.401984,32.774885
21.mp4,99.852289, 1.717318,51.708487
22.mp4,95.766473, 0.996502,16.911576
23.mp4,99.341801, 3.040476,46.037710
24.mp4,99.514206, 1.776033,40.711664
25.mp4,98.613308, 1.778206,31.274239
26.mp4,99.298341, 2.313241,41.209071
27.mp4,99.427581, 1.789197,39.279568
28.mp4,99.974811, 7.159592,84.080305
29.mp4,99.826447, 4.041941,63.240366
30.mp4,98.531361, 0.777418,21.061141
31.mp4,99.966951, 1.783817,66.278993
32.mp4,99.750822, 2.183655,50.344702
33.mp4,99.773546, 2.043825,50.246696
34.mp4,99.657855, 1.572734,42.208300
35.mp4,99.836828, 1.288863,46.298835
36.mp4,80.259900, 1.503570,11.853873
37.mp4,92.668335, 1.782562,18.864672
38.mp4,98.669873, 1.701914,31.042759
39.mp4,86.475865, 1.124255,11.818361
40.mp4,98.561803, 1.275819,26.746580
41.mp4,99.273227, 1.584358,35.327268
42.mp4,97.793629, 1.496933,25.381451
43.mp4,99.243299, 2.169332,39.530352
44.mp4,99.832003, 2.994246,59.036482
45.mp4,99.973793, 3.397909,76.307557
46.mp4,99.215030, 2.822189,43.173068
47.mp4,99.923794, 4.029430,70.299629
48.mp4,99.871831, 1.339308,49.240967
49.mp4,98.205125, 1.748676,28.907658
00.mp4,96.814188, 1.349928,21.595093
01.mp4,99.741312, 1.704708,46.133708
02.mp4,99.812000, 1.053727,41.872736
03.mp4,96.148146, 0.850250,16.092903
04.mp4,98.065791, 1.321816,24.917409
05.mp4,95.823907, 1.192399,18.609395
06.mp4,99.881808, 3.136756,62.993628
07.mp4,97.086368, 1.336947,22.105805
08.mp4,89.185191, 0.891137,11.365816
09.mp4,70.839508, 1.278855,9.052902
10.mp4,98.394386, 1.461816,27.550663
11.mp4,99.916490, 2.417517,62.337822
12.mp4,85.391389, 1.161557,11.664844
13.mp4,97.891098, 1.761769,27.701790
14.mp4,98.362360, 0.978197,22.742956
15.mp4,99.648194, 1.328622,39.422567
16.mp4,27.541328, 0.939532,3.841342
17.mp4,99.870319, 1.932609,54.799830
18.mp4,99.794703, 1.608369,47.482218
19.mp4,99.606087, 1.463267,39.794418
20.mp4,99.097595, 1.272970,30.466041
21.mp4,99.819879, 1.597536,48.652331
22.mp4,93.535289, 1.024977,14.821817
23.mp4,98.848747, 2.101072,35.204631
24.mp4,99.559653, 1.418021,38.294029
25.mp4,98.216027, 1.157966,23.999291
26.mp4,99.488946, 1.863731,40.956106
27.mp4,97.615996, 2.365320,30.479095
28.mp4,99.878667, 1.462742,51.139622
29.mp4,99.867855, 3.934710,65.289967
30.mp4,97.255039, 0.689047,16.189558
31.mp4,99.913081, 2.115704,59.989482
32.mp4,99.636493, 2.751250,50.270141
33.mp4,99.659905, 1.082910,36.756254
34.mp4,99.552125, 0.939941,32.351392
35.mp4,99.726523, 1.131082,39.397633
36.mp4,75.996404, 1.290493,9.989486
37.mp4,93.454929, 0.874753,13.570188
38.mp4,97.784151, 1.501451,25.384473
39.mp4,84.542722, 1.353966,12.393304
40.mp4,98.965016, 1.124057,27.768205
41.mp4,98.619095, 0.810035,21.898151
42.mp4,96.602470, 1.533866,22.509304
43.mp4,99.161923, 1.793498,35.809171
44.mp4,99.807018, 3.299213,59.205843
45.mp4,99.957577, 2.602083,69.296185
46.mp4,99.410095, 1.960957,40.363393
47.mp4,99.895064, 1.727918,55.121060
48.mp4,99.807644, 1.232622,44.025649
49.mp4,97.137919, 1.141282,20.584647
00.mp4,97.446368, 1.359463,23.212450
01.mp4,99.589686, 2.079366,44.727737
02.mp4,99.882568, 1.704605,53.823623
03.mp4,94.449240, 0.995192,15.398832
04.mp4,97.891351, 1.491794,25.683904
05.mp4,94.174807, 1.994474,21.533716
06.mp4,99.852564, 2.820321,59.358251
07.mp4,97.548606, 2.968149,33.328622
08.mp4,91.392268, 1.370413,15.580232
09.mp4,81.262045, 1.450627,11.884461
10.mp4,99.038474, 1.383377,31.030242
11.mp4,99.924614, 1.520202,56.342341
12.mp4,91.282460, 1.269015,14.896332
13.mp4,97.754385, 2.592735,32.228784
14.mp4,98.681092, 1.633020,30.567281
15.mp4,99.717185, 2.158812,48.929803
16.mp4,25.787695, 1.042912,3.951458
17.mp4,99.863506, 3.211384,62.024883
18.mp4,99.717886, 1.939525,47.287800
19.mp4,99.698344, 1.659646,44.235022
20.mp4,99.090519, 1.417349,31.825524
21.mp4,99.844331, 1.773950,51.700552
22.mp4,94.966948, 1.024324,16.170575
23.mp4,99.295646, 3.436730,47.299311
24.mp4,99.463255, 1.816578,40.108996
25.mp4,98.436802, 1.572824,28.681627
26.mp4,99.170387, 2.047731,37.820624
27.mp4,99.376590, 1.789202,38.484829
28.mp4,99.972192, 6.436751,82.577489
29.mp4,99.794418, 3.996569,61.520755
30.mp4,98.468885, 0.898846,22.297984
31.mp4,99.964277, 1.855272,66.146980
32.mp4,99.688881, 2.068611,47.335008
33.mp4,99.726020, 1.993312,47.997751
34.mp4,99.626765, 1.717111,42.709147
35.mp4,99.819707, 1.166825,43.813573
36.mp4,78.645070, 1.505585,11.465348
37.mp4,92.191160, 1.904728,19.089841
38.mp4,98.478269, 1.692462,29.843388
39.mp4,85.073824, 1.145353,11.475509
40.mp4,98.378231, 1.329639,26.318258
41.mp4,99.191294, 1.682366,35.220104
42.mp4,97.292067, 1.432732,23.373627
43.mp4,99.208745, 2.440587,40.878441
44.mp4,99.813681, 2.933942,57.744009
45.mp4,99.971207, 3.932162,77.302252
46.mp4,99.171820, 3.021701,43.711204
47.mp4,99.915995, 3.348443,66.958217
48.mp4,99.861803, 1.213837,46.989346
49.mp4,98.031518, 1.685459,27.699807
00.mp4,99.903370, 5.532917,72.555938
01.mp4,99.948613, 8.220656,81.422789
02.mp4,99.933762, 8.868737,80.680738
03.mp4,99.610970, 5.891946,61.518153
04.mp4,99.853375, 8.906119,75.441757
05.mp4,99.531376, 5.501794,58.709444
06.mp4,99.982158, 10.642850,88.734738
07.mp4,99.955091, 9.697937,83.767336
08.mp4,98.950857, 5.674619,51.392013
09.mp4,99.703571, 6.824334,66.176505
10.mp4,99.898959, 4.872049,70.534957
11.mp4,99.995552, 13.646613,94.146297
12.mp4,99.808266, 6.782086,69.788767
13.mp4,99.642547, 5.038290,59.897554
14.mp4,99.915432, 7.645849,77.476968
15.mp4,99.963509, 9.859660,84.980956
16.mp4,98.504966, 5.579875,47.628242
17.mp4,99.954484, 7.814325,81.628335
18.mp4,99.927381, 5.867876,75.429332
19.mp4,99.915921, 6.160455,74.953082
20.mp4,99.682055, 5.067740,61.081300
21.mp4,99.940929, 6.155765,77.438647
22.mp4,99.357274, 6.069162,57.243377
23.mp4,99.875991, 8.638459,76.264824
24.mp4,99.941223, 4.613512,74.062157
25.mp4,99.886049, 7.948105,75.856154
26.mp4,99.898475, 11.441643,80.781053
27.mp4,99.948092, 11.647159,84.679454
28.mp4,99.986301, 12.750398,90.819005
29.mp4,99.923268, 9.044493,79.982710
30.mp4,98.750456, 7.509932,54.235896
31.mp4,99.984330, 6.521012,85.668053
32.mp4,99.946034, 9.314568,82.378482
33.mp4,99.966402, 11.023223,86.310566
34.mp4,99.875155, 5.198147,69.678481
35.mp4,99.959969, 9.178704,83.872194
36.mp4,99.839364, 6.032981,69.635493
37.mp4,99.745306, 5.720493,64.920943
38.mp4,99.837606, 5.934231,69.318180
39.mp4,98.324433, 3.562584,39.487880
40.mp4,99.847650, 6.971630,72.012086
41.mp4,99.717173, 7.700612,68.331123
42.mp4,99.908763, 6.140753,74.310417
43.mp4,99.672300, 5.780423,62.804460
44.mp4,99.977582, 9.123748,86.653587
45.mp4,99.984598, 6.145641,85.271471
46.mp4,99.895421, 6.145771,73.291664
47.mp4,99.972506, 4.802692,79.755521
48.mp4,99.960335, 10.635136,85.221656
49.mp4,99.329000, 3.840340,49.530871
